Gradius Gaiden-PlayStation 1 PS1-Japón JPN-Completo;68,29 EUR;+ 22,33 EUR de envío estimado;Vendidos  3 sep 2021Artículo vendido;desde Reino Unido;
Gradius Gaiden - Sony Playstation PS1 JAP - NTSC-J JAP JAPAN - Très Bon Etat;54,90 EUR;+ 4,90 EUR de envío;Vendidos  6 jul 2021Artículo vendido;desde Francia;
Usado PS1 PS PlayStation 1 Gradius Gaiden 61208 Japón Importación;43,05 EUR;+ 3,62 EUR de envío;Vendidos  1 oct 2021Artículo vendido;desde Japón;
PS1 Gradius Gaiden (necesita JP Consola) Usado PlayStation 1 de Japón Konami;39,57 EUR;Envío internacional gratis;Vendidos  25 sep 2021Artículo vendido;desde Japón;
Gradius Gaiden SONY PLAYSTATION PSX PS2 PS1, PS2 Reg Tarjeta + Tarjeta de la columna vertebral;86,22 EUR;+ 17,25 EUR de envío;Vendidos  22 sep 2021Artículo vendido;desde Japón;
PS1 PlayStation 1 Gradius Gaiden versión japonesa/de Japón;35,23 EUR;+ 14,23 EUR de envío;Vendidos  19 sep 2021Artículo vendido;desde Japón;
PS1 Gradius Gaiden Usado PlayStation 1 Japón Konami;50,88 EUR;Envío internacional gratis;Vendidos  7 sep 2021Artículo vendido;desde Japón;
Gradius Gaiden PS1 KONAMI Sony Playstation 1 de Japón;31,03 EUR;+ 12,50 EUR de envío;Vendidos  5 sep 2021Artículo vendido;desde Japón;
Importación Sony Playstation-Gradius Gaiden-Japón Japonés PSX PS1 Vendedor de Estados Unidos;43,11 EUR;+ 4,31 EUR de envío;Vendidos  21 ago 2021Artículo vendido;desde Estados Unidos;
Gradius Gaiden PS1 Sony Playstation Colección de importación de Japón;56,53 EUR;Envío internacional gratis;Vendidos  23 jul 2021Artículo vendido;desde Japón;
Gradius Gaiden Para Sony Playstation Original Rara;16,82 EUR;+ 16,38 EUR de envío;Vendidos  17 jul 2021Artículo vendido;desde Japón;
